Time: 15632μs
Min cost: 525.2622876
Triangulation: 
0 49 99
0 1 49
1 2 49
2 3 49
3 4 49
4 5 49
5 6 49
6 7 49
7 8 49
8 9 49
9 10 49
10 11 49
11 12 49
12 13 49
13 14 49
14 48 49
14 47 48
14 46 47
14 45 46
14 44 45
14 43 44
14 42 43
14 41 42
14 40 41
14 39 40
14 38 39
14 37 38
14 36 37
14 35 36
14 34 35
14 33 34
14 32 33
14 31 32
14 30 31
14 29 30
14 28 29
14 27 28
14 26 27
14 25 26
14 24 25
14 23 24
14 22 23
14 21 22
14 20 21
14 19 20
14 18 19
14 17 18
14 16 17
14 15 16
49 98 99
49 97 98
49 96 97
49 95 96
49 94 95
49 93 94
49 50 93
50 51 93
51 52 93
52 53 93
53 92 93
53 91 92
53 90 91
53 89 90
53 54 89
54 55 89
55 56 89
56 57 89
57 58 89
58 59 89
59 60 89
60 61 89
61 62 89
62 63 89
63 64 89
64 65 89
65 66 89
66 67 89
67 68 89
68 69 89
69 70 89
70 71 89
71 72 89
72 73 89
73 74 89
74 75 89
75 76 89
76 77 89
77 78 89
78 79 89
79 80 89
80 81 89
81 82 89
82 83 89
83 84 89
84 85 89
85 86 89
86 87 89
87 88 89
-1-1 1 1 1 1 1 1 7 1 1 111 1 1 1 1 1 1 1 1 1 1 1 1 1 1 1 1 1 1 1 1 1 1 1 1 1 1 1 1 1 1 1 1 1 1 1 1 14950515253545556575859606162636465666768697071727374757677787980818283848586878889908353494949494949
-1-1-1 2 3 2 5 2 7 8 9 2111213 2 2 2171819 2 2 2 2 22526 228 2 2 2 2 2 2 2 2 2 2 2 2 242 24445 2 2 24950515253545556575859606162636465666768697071727374757677787980818283848586878889908353494949494949
-1-1-1-1 3 3 5 3 7 3 9 3111213 3 3 3171819 3 3 3 3 32526 328 3 3 3 3 3 3 3 3 3 3 3 3 342 34445 3 3 34950515253545556575859606162636465666768697071727374757677787980818283848586878889909153494949494949
-1-1-1-1-1 4 5 4 7 4 4 4111213 4 4 41718 4 4 4 4 4 42526 4 4 4 4 4 4 4 4 4 4 4 4 4 4 442 444 4 4 4 44950515253545556575859606162636465666768697071727374757677787980818283848586878889909153494949494949
-1-1-1-1-1-1 5 6 7 8 910111213 5 5 5171819 5 5 5 5 525262728 5 5 532 5 535 53738 5 54142 54445 547 54950515253545556575859606162636465666768697071727374757677787980818283848586878889909153494747474747
-1-1-1-1-1-1-1 6 7 6 6 6111213 6 6 61718 6 6 6 6 6 62526 6 6 6 6 6 6 6 6 6 6 6 6 6 6 642 644 6 6 6 64950515253545556575859606162636465666768697071727374757677787980818283848586878889909192474747474747
-1-1-1-1-1-1-1-1 7 8 9 7111213 7 7 7171819 7 7 7 7 725262728 7 7 7 7 7 735 737 7 7 7 742 74445 7 7 74950515253545556575859606162636465666768697071727374757677787980818283848586878889909192474741414141
-1-1-1-1-1-1-1-1-1 8 8 8 8 8 8 8 8 8 8 8 8 8 8 8 8 8 8 8 8 8 8 8 8 8 8 8 8 8 8 8 8 8 8 8 8 8 8 8 8 849505152535455565758596061626364656667686970717273747576777879808182838485868788899091 8 83535353535
-1-1-1-1-1-1-1-1-1-1 9 9111213 9 9 9171819 9 9 9 9 925262728 9 9 9 9 9 935 937 9 9 9 942 94445 9 9 9495051525354555657585960616263646566676869707172737475767778798081828384858687888990 9 9 9 9 9 9 9 9
-1-1-1-1-1-1-1-1-1-1-11011121310101017181910101010102526102810101010101010103710101010421044451010104950515253545556575859606162636465666768697071727374757677787980818283848586878889101010101010101010
-1-1-1-1-1-1-1-1-1-1-1-111121311111117181911111111112526112811111111111111113711111111421144451111114950515253545556575859606162636465666768697071727374757677787980818283848586878811111111111111111111
-1-1-1-1-1-1-1-1-1-1-1-1-1121212121212121212121212121212121212121212121212121212121212121212121212124950515253545556575859606162636465666768697071727374757677787980818283848586871212121212121212121212
-1-1-1-1-1-1-1-1-1-1-1-1-1-11313131317181313131313132526131313131313131313131313131313421344131313134950515253545556575859606162636465666768697071727374757677787980818283848586871313131313131313131313
-1-1-1-1-1-1-1-1-1-1-1-1-1-1-114141417181414141414142526141414141414141414141414141414421444141414144950515253545556575859606162636465666768697071727374757677787980818283848586871414141414141414141414
-1-1-1-1-1-1-1-1-1-1-1-1-1-1-1-1151617181920212223242526272829303132333435363738394041424344454647484950515253545556575859606162636465666768697071727374757677787980818283848586871515151515151515151515
-1-1-1-1-1-1-1-1-1-1-1-1-1-1-1-1-11617181920162223242526272829303132331635363738394041424344454647484950515253545556575859606162636465666768697071727374757677787980818283841616161616161616161616161616
-1-1-1-1-1-1-1-1-1-1-1-1-1-1-1-1-1-117181917172217172526272829303132171735363738391741424344451747484950515253545556575859606162636465666768697071727374757677787980818283171717171717171717171717171717
-1-1-1-1-1-1-1-1-1-1-1-1-1-1-1-1-1-1-1181818181818182526181818181818181818181818181818421844181818181850515253545556575859606162636465666768697071727374757677787980818218181818181818181818181818181818
-1-1-1-1-1-1-1-1-1-1-1-1-1-1-1-1-1-1-1-11919191919192526191919191919191919191919191919421944191919191950515253545556575859606162636465666768697071727374757677787980811919191919191919191919191919191919
-1-1-1-1-1-1-1-1-1-1-1-1-1-1-1-1-1-1-1-1-120202220202526272829303132202035363738392041424344454647484950515253545556575859606162636465666768697071727374757677787980202020202020202020202020202020202020
-1-1-1-1-1-1-1-1-1-1-1-1-1-1-1-1-1-1-1-1-1-1212223242526272829303132332135363738394041424344454647484950515253545556575859606162636465666768697071727374757677787921212121212121212121212121212121212121
-1-1-1-1-1-1-1-1-1-1-1-1-1-1-1-1-1-1-1-1-1-1-12223242526272829303132222235363738394041424344454647484950515253545556575859606162636465666768697071727374757677222222222222222222222222222222222222222222
-1-1-1-1-1-1-1-1-1-1-1-1-1-1-1-1-1-1-1-1-1-1-1-123232526272829302332232335363738232341424344452323232350515253545556575859606162636465666768697071727374752323232323232323232323232323232323232323232323
-1-1-1-1-1-1-1-1-1-1-1-1-1-1-1-1-1-1-1-1-1-1-1-1-1242526272829302432242435363738242441424344452424242450515253545556575859606162636465666768697071727374242424242424242424242424242424242424242424242424
-1-1-1-1-1-1-1-1-1-1-1-1-1-1-1-1-1-1-1-1-1-1-1-1-1-12526272825252525252535253725252525422544452525252550515253545556575859606162636465666768697071727325252525252525252525252525252525252525252525252525
-1-1-1-1-1-1-1-1-1-1-1-1-1-1-1-1-1-1-1-1-1-1-1-1-1-1-126262626262626262626262626262626422644262626262650515253545556575859606162636465666768697071262626262626262626262626262626262626262626262626262626
-1-1-1-1-1-1-1-1-1-1-1-1-1-1-1-1-1-1-1-1-1-1-1-1-1-1-1-1272727272727272727272727272727422744272727272750515253545556575859606162636465666768697027272727272727272727272727272727272727272727272727272727
-1-1-1-1-1-1-1-1-1-1-1-1-1-1-1-1-1-1-1-1-1-1-1-1-1-1-1-1-12828302832282835363738392841424344452828282850515253545556575859606162636465666768692828282828282828282828282828282828282828282828282828282828
-1-1-1-1-1-1-1-1-1-1-1-1-1-1-1-1-1-1-1-1-1-1-1-1-1-1-1-1-1-129292929292929292929292929422944452929292950515253545556575859606162636465666768292929292929292929292929292929292929292929292929292929292929
-1-1-1-1-1-1-1-1-1-1-1-1-1-1-1-1-1-1-1-1-1-1-1-1-1-1-1-1-1-1-1303132303035363738394041424344454647484950515253545556575859606162636465666768303030303030303030303030303030303030303030303030303030303030
-1-1-1-1-1-1-1-1-1-1-1-1-1-1-1-1-1-1-1-1-1-1-1-1-1-1-1-1-1-1-1-13132313135363738313141424344453131313150515253545556575859606162636465666731313131313131313131313131313131313131313131313131313131313131
-1-1-1-1-1-1-1-1-1-1-1-1-1-1-1-1-1-1-1-1-1-1-1-1-1-1-1-1-1-1-1-1-132323235363738393241424344453232323250515253545556575859606162636465663232323232323232323232323232323232323232323232323232323232323232
-1-1-1-1-1-1-1-1-1-1-1-1-1-1-1-1-1-1-1-1-1-1-1-1-1-1-1-1-1-1-1-1-1-1333335333738333333423344453333333350515253545556575859606162636465663333333333333333333333333333333333333333333333333333333333333333
-1-1-1-1-1-1-1-1-1-1-1-1-1-1-1-1-1-1-1-1-1-1-1-1-1-1-1-1-1-1-1-1-1-1-13435363738394041424344454647484950515253545556575859606162636465663434343434343434343434343434343434343434343434343434343434343434
-1-1-1-1-1-1-1-1-1-1-1-1-1-1-1-1-1-1-1-1-1-1-1-1-1-1-1-1-1-1-1-1-1-1-1-135363738394041424344454647353550515253545556575859606162636465353535353535353535353535353535353535353535353535353535353535353535
-1-1-1-1-1-1-1-1-1-1-1-1-1-1-1-1-1-1-1-1-1-1-1-1-1-1-1-1-1-1-1-1-1-1-1-1-1363736363636423644453636363650515253365556575859363636366436363636363636363636363636363636363636363636363636363636363636363636
-1-1-1-1-1-1-1-1-1-1-1-1-1-1-1-1-1-1-1-1-1-1-1-1-1-1-1-1-1-1-1-1-1-1-1-1-1-13737373737423744453737373750515253375556575859373737376437373737373737373737373737373737373737373737373737373737373737373737
-1-1-1-1-1-1-1-1-1-1-1-1-1-1-1-1-1-1-1-1-1-1-1-1-1-1-1-1-1-1-1-1-1-1-1-1-1-1-138383838423844453838383838515238383856385859383838386438383838383838383838383838383838383838383838383838383838383838383838
-1-1-1-1-1-1-1-1-1-1-1-1-1-1-1-1-1-1-1-1-1-1-1-1-1-1-1-1-1-1-1-1-1-1-1-1-1-1-1-1393941424344453939393950515239395556575859393939396439393939393939393939393939393939393939393939393939393939393939393939
-1-1-1-1-1-1-1-1-1-1-1-1-1-1-1-1-1-1-1-1-1-1-1-1-1-1-1-1-1-1-1-1-1-1-1-1-1-1-1-1-14041424344454040404050515240405556575859404040406440404040404040404040404040404040404040404040404040404040404040404040
-1-1-1-1-1-1-1-1-1-1-1-1-1-1-1-1-1-1-1-1-1-1-1-1-1-1-1-1-1-1-1-1-1-1-1-1-1-1-1-1-1-141424344454141414150515241414156415841414141416441414141414141414141414141414141414141414141414141414141414141414141
-1-1-1-1-1-1-1-1-1-1-1-1-1-1-1-1-1-1-1-1-1-1-1-1-1-1-1-1-1-1-1-1-1-1-1-1-1-1-1-1-1-1-1424244454242424242425242424242425842424242426442424242424242424242424242424242424242424242424242424242424242424242
-1-1-1-1-1-1-1-1-1-1-1-1-1-1-1-1-1-1-1-1-1-1-1-1-1-1-1-1-1-1-1-1-1-1-1-1-1-1-1-1-1-1-1-14344434343434343435243434343434343434343436443434343434343434343434343434343434343434343434343434343434343434343
-1-1-1-1-1-1-1-1-1-1-1-1-1-1-1-1-1-1-1-1-1-1-1-1-1-1-1-1-1-1-1-1-1-1-1-1-1-1-1-1-1-1-1-1-144454444444444515244444456445844444444446444444444444444444444444444444444444444444444444444444444444444444444
-1-1-1-1-1-1-1-1-1-1-1-1-1-1-1-1-1-1-1-1-1-1-1-1-1-1-1-1-1-1-1-1-1-1-1-1-1-1-1-1-1-1-1-1-1-1454545454545455245454545454545454545456445454545454545454545454545454545454545454545454545454545454545454545
-1-1-1-1-1-1-1-1-1-1-1-1-1-1-1-1-1-1-1-1-1-1-1-1-1-1-1-1-1-1-1-1-1-1-1-1-1-1-1-1-1-1-1-1-1-1-14646464646465246464646465846464646466446464646464646464646464646464646464646464646464646464646464646464646
-1-1-1-1-1-1-1-1-1-1-1-1-1-1-1-1-1-1-1-1-1-1-1-1-1-1-1-1-1-1-1-1-1-1-1-1-1-1-1-1-1-1-1-1-1-1-1-147484750515253545556575859606162636465664747474747474747474747474747474747474747474747474747474747474747
-1-1-1-1-1-1-1-1-1-1-1-1-1-1-1-1-1-1-1-1-1-1-1-1-1-1-1-1-1-1-1-1-1-1-1-1-1-1-1-1-1-1-1-1-1-1-1-1-1484850515253485556575859606162486465484848484871727348484848784848484848484848484848484848484848484848
-1-1-1-1-1-1-1-1-1-1-1-1-1-1-1-1-1-1-1-1-1-1-1-1-1-1-1-1-1-1-1-1-1-1-1-1-1-1-1-1-1-1-1-1-1-1-1-1-1-14950515253545556575859606162636465664968497071727374754977784949498249494949494949494949494949494949
-1-1-1-1-1-1-1-1-1-1-1-1-1-1-1-1-1-1-1-1-1-1-1-1-1-1-1-1-1-1-1-1-1-1-1-1-1-1-1-1-1-1-1-1-1-1-1-1-1-1-150515253545556575859606162636465665068507071727374757677785080818283505050505089909150939495969798
-1-1-1-1-1-1-1-1-1-1-1-1-1-1-1-1-1-1-1-1-1-1-1-1-1-1-1-1-1-1-1-1-1-1-1-1-1-1-1-1-1-1-1-1-1-1-1-1-1-1-1-1515251515156515851515151516465515151515171727351515177785151518251515151515151515151939495969798
-1-1-1-1-1-1-1-1-1-1-1-1-1-1-1-1-1-1-1-1-1-1-1-1-1-1-1-1-1-1-1-1-1-1-1-1-1-1-1-1-1-1-1-1-1-1-1-1-1-1-1-1-15252525252525852525252526452525252525271727352525277785252528252525252525252525252935252969798
-1-1-1-1-1-1-1-1-1-1-1-1-1-1-1-1-1-1-1-1-1-1-1-1-1-1-1-1-1-1-1-1-1-1-1-1-1-1-1-1-1-1-1-1-1-1-1-1-1-1-1-1-1-153535353535353535353535353535353535353535353535353535353535353535353535353535353535353965398
-1-1-1-1-1-1-1-1-1-1-1-1-1-1-1-1-1-1-1-1-1-1-1-1-1-1-1-1-1-1-1-1-1-1-1-1-1-1-1-1-1-1-1-1-1-1-1-1-1-1-1-1-1-1-1545556575859606162636465665454547071727374757677785480818283545454545489909192939495969798
-1-1-1-1-1-1-1-1-1-1-1-1-1-1-1-1-1-1-1-1-1-1-1-1-1-1-1-1-1-1-1-1-1-1-1-1-1-1-1-1-1-1-1-1-1-1-1-1-1-1-1-1-1-1-1-15556575859606162556465555555557071727374755577785555818255555555555589909192939495969798
-1-1-1-1-1-1-1-1-1-1-1-1-1-1-1-1-1-1-1-1-1-1-1-1-1-1-1-1-1-1-1-1-1-1-1-1-1-1-1-1-1-1-1-1-1-1-1-1-1-1-1-1-1-1-1-1-156565859565656566465565656567071727374565677785656568256565656565689905656939495969798
-1-1-1-1-1-1-1-1-1-1-1-1-1-1-1-1-1-1-1-1-1-1-1-1-1-1-1-1-1-1-1-1-1-1-1-1-1-1-1-1-1-1-1-1-1-1-1-1-1-1-1-1-1-1-1-1-1-1575857575757576465575757575771727357575777785757578257575757575789575757939495969798
-1-1-1-1-1-1-1-1-1-1-1-1-1-1-1-1-1-1-1-1-1-1-1-1-1-1-1-1-1-1-1-1-1-1-1-1-1-1-1-1-1-1-1-1-1-1-1-1-1-1-1-1-1-1-1-1-1-1-15859585858586465585858585871727358585877785858588258585858585889905858939495969798
-1-1-1-1-1-1-1-1-1-1-1-1-1-1-1-1-1-1-1-1-1-1-1-1-1-1-1-1-1-1-1-1-1-1-1-1-1-1-1-1-1-1-1-1-1-1-1-1-1-1-1-1-1-1-1-1-1-1-1-159595959596459595959595971725959595977785959595959595959595959595959935959969798
-1-1-1-1-1-1-1-1-1-1-1-1-1-1-1-1-1-1-1-1-1-1-1-1-1-1-1-1-1-1-1-1-1-1-1-1-1-1-1-1-1-1-1-1-1-1-1-1-1-1-1-1-1-1-1-1-1-1-1-1-1606162606465606060607071727374756077786060818260606060606089909160939495969798
-1-1-1-1-1-1-1-1-1-1-1-1-1-1-1-1-1-1-1-1-1-1-1-1-1-1-1-1-1-1-1-1-1-1-1-1-1-1-1-1-1-1-1-1-1-1-1-1-1-1-1-1-1-1-1-1-1-1-1-1-1-16162636465616161617071727374756177786161818261616161616189909192939495969798
-1-1-1-1-1-1-1-1-1-1-1-1-1-1-1-1-1-1-1-1-1-1-1-1-1-1-1-1-1-1-1-1-1-1-1-1-1-1-1-1-1-1-1-1-1-1-1-1-1-1-1-1-1-1-1-1-1-1-1-1-1-1-162626465626262627071727374626277786262628262626262626289906262939495969798
-1-1-1-1-1-1-1-1-1-1-1-1-1-1-1-1-1-1-1-1-1-1-1-1-1-1-1-1-1-1-1-1-1-1-1-1-1-1-1-1-1-1-1-1-1-1-1-1-1-1-1-1-1-1-1-1-1-1-1-1-1-1-1-1636465636363637071727374756377786363818263636363636389909163939495969798
-1-1-1-1-1-1-1-1-1-1-1-1-1-1-1-1-1-1-1-1-1-1-1-1-1-1-1-1-1-1-1-1-1-1-1-1-1-1-1-1-1-1-1-1-1-1-1-1-1-1-1-1-1-1-1-1-1-1-1-1-1-1-1-1-16465646464647071727374756477786464818264646464646489909164939495969798
-1-1-1-1-1-1-1-1-1-1-1-1-1-1-1-1-1-1-1-1-1-1-1-1-1-1-1-1-1-1-1-1-1-1-1-1-1-1-1-1-1-1-1-1-1-1-1-1-1-1-1-1-1-1-1-1-1-1-1-1-1-1-1-1-1-165656565656565656565656565656565656565656565656565656565656565966565
-1-1-1-1-1-1-1-1-1-1-1-1-1-1-1-1-1-1-1-1-1-1-1-1-1-1-1-1-1-1-1-1-1-1-1-1-1-1-1-1-1-1-1-1-1-1-1-1-1-1-1-1-1-1-1-1-1-1-1-1-1-1-1-1-1-1-1666666667071727374756677786666818266666666666689909166939495969798
-1-1-1-1-1-1-1-1-1-1-1-1-1-1-1-1-1-1-1-1-1-1-1-1-1-1-1-1-1-1-1-1-1-1-1-1-1-1-1-1-1-1-1-1-1-1-1-1-1-1-1-1-1-1-1-1-1-1-1-1-1-1-1-1-1-1-1-16768697071727374757677787980818283848586876789909192939495969798
-1-1-1-1-1-1-1-1-1-1-1-1-1-1-1-1-1-1-1-1-1-1-1-1-1-1-1-1-1-1-1-1-1-1-1-1-1-1-1-1-1-1-1-1-1-1-1-1-1-1-1-1-1-1-1-1-1-1-1-1-1-1-1-1-1-1-1-1-168697071727374757677787980818283848586686889909192939495969798
-1-1-1-1-1-1-1-1-1-1-1-1-1-1-1-1-1-1-1-1-1-1-1-1-1-1-1-1-1-1-1-1-1-1-1-1-1-1-1-1-1-1-1-1-1-1-1-1-1-1-1-1-1-1-1-1-1-1-1-1-1-1-1-1-1-1-1-1-1-1697071727374756977786969698269696969696989906969939495969798
-1-1-1-1-1-1-1-1-1-1-1-1-1-1-1-1-1-1-1-1-1-1-1-1-1-1-1-1-1-1-1-1-1-1-1-1-1-1-1-1-1-1-1-1-1-1-1-1-1-1-1-1-1-1-1-1-1-1-1-1-1-1-1-1-1-1-1-1-1-1-17071727374707077787070708270707070707089907070939495969798
-1-1-1-1-1-1-1-1-1-1-1-1-1-1-1-1-1-1-1-1-1-1-1-1-1-1-1-1-1-1-1-1-1-1-1-1-1-1-1-1-1-1-1-1-1-1-1-1-1-1-1-1-1-1-1-1-1-1-1-1-1-1-1-1-1-1-1-1-1-1-1-171727371717177787171718271717171717171717171937171969798
-1-1-1-1-1-1-1-1-1-1-1-1-1-1-1-1-1-1-1-1-1-1-1-1-1-1-1-1-1-1-1-1-1-1-1-1-1-1-1-1-1-1-1-1-1-1-1-1-1-1-1-1-1-1-1-1-1-1-1-1-1-1-1-1-1-1-1-1-1-1-1-1-1727272727277787272727272727272727272727272937272967298
-1-1-1-1-1-1-1-1-1-1-1-1-1-1-1-1-1-1-1-1-1-1-1-1-1-1-1-1-1-1-1-1-1-1-1-1-1-1-1-1-1-1-1-1-1-1-1-1-1-1-1-1-1-1-1-1-1-1-1-1-1-1-1-1-1-1-1-1-1-1-1-1-1-17373737377787373737373737373737373737373737373967398
-1-1-1-1-1-1-1-1-1-1-1-1-1-1-1-1-1-1-1-1-1-1-1-1-1-1-1-1-1-1-1-1-1-1-1-1-1-1-1-1-1-1-1-1-1-1-1-1-1-1-1-1-1-1-1-1-1-1-1-1-1-1-1-1-1-1-1-1-1-1-1-1-1-1-174747477787474748274747474747474747474937474969798
-1-1-1-1-1-1-1-1-1-1-1-1-1-1-1-1-1-1-1-1-1-1-1-1-1-1-1-1-1-1-1-1-1-1-1-1-1-1-1-1-1-1-1-1-1-1-1-1-1-1-1-1-1-1-1-1-1-1-1-1-1-1-1-1-1-1-1-1-1-1-1-1-1-1-1-1757577787980818283757575757589909192939495969798
-1-1-1-1-1-1-1-1-1-1-1-1-1-1-1-1-1-1-1-1-1-1-1-1-1-1-1-1-1-1-1-1-1-1-1-1-1-1-1-1-1-1-1-1-1-1-1-1-1-1-1-1-1-1-1-1-1-1-1-1-1-1-1-1-1-1-1-1-1-1-1-1-1-1-1-1-17677787980818283767676767689909192939495969798
-1-1-1-1-1-1-1-1-1-1-1-1-1-1-1-1-1-1-1-1-1-1-1-1-1-1-1-1-1-1-1-1-1-1-1-1-1-1-1-1-1-1-1-1-1-1-1-1-1-1-1-1-1-1-1-1-1-1-1-1-1-1-1-1-1-1-1-1-1-1-1-1-1-1-1-1-1-177787780818283777777777789909192939495969798
-1-1-1-1-1-1-1-1-1-1-1-1-1-1-1-1-1-1-1-1-1-1-1-1-1-1-1-1-1-1-1-1-1-1-1-1-1-1-1-1-1-1-1-1-1-1-1-1-1-1-1-1-1-1-1-1-1-1-1-1-1-1-1-1-1-1-1-1-1-1-1-1-1-1-1-1-1-1-1787878787878787878787878787878787878967898
-1-1-1-1-1-1-1-1-1-1-1-1-1-1-1-1-1-1-1-1-1-1-1-1-1-1-1-1-1-1-1-1-1-1-1-1-1-1-1-1-1-1-1-1-1-1-1-1-1-1-1-1-1-1-1-1-1-1-1-1-1-1-1-1-1-1-1-1-1-1-1-1-1-1-1-1-1-1-1-17979797979797979797979797979797979967979
-1-1-1-1-1-1-1-1-1-1-1-1-1-1-1-1-1-1-1-1-1-1-1-1-1-1-1-1-1-1-1-1-1-1-1-1-1-1-1-1-1-1-1-1-1-1-1-1-1-1-1-1-1-1-1-1-1-1-1-1-1-1-1-1-1-1-1-1-1-1-1-1-1-1-1-1-1-1-1-1-180818283808080808089909192939495969798
-1-1-1-1-1-1-1-1-1-1-1-1-1-1-1-1-1-1-1-1-1-1-1-1-1-1-1-1-1-1-1-1-1-1-1-1-1-1-1-1-1-1-1-1-1-1-1-1-1-1-1-1-1-1-1-1-1-1-1-1-1-1-1-1-1-1-1-1-1-1-1-1-1-1-1-1-1-1-1-1-1-1818281818181818189908181939495969798
-1-1-1-1-1-1-1-1-1-1-1-1-1-1-1-1-1-1-1-1-1-1-1-1-1-1-1-1-1-1-1-1-1-1-1-1-1-1-1-1-1-1-1-1-1-1-1-1-1-1-1-Trianglular table: 
Sorted coordinates: 
[0] 8.0022 9.9532
[1] 8.0031 9.9442
[2] 8.0184 9.8647
[3] 8.0405 9.7998
[4] 8.0521 9.7732
[5] 8.1479 9.6226
[6] 8.1592 9.609
[7] 8.2512 9.5148
[8] 8.2518 9.5142
[9] 8.3293 9.4503
[10] 8.367 9.4227
[11] 8.4774 9.3516
[12] 8.4806 9.3498
[13] 8.4968 9.3404
[14] 8.5127 9.3315
[15] 8.8275 9.1899
[16] 9.0866 9.1104
[17] 9.2741 9.0682
[18] 9.2857 9.066
[19] 9.3022 9.0628
[20] 9.376 9.0499
[21] 9.6176 9.0185
[22] 9.8237 9.0039
[23] 9.8952 9.0014
[24] 9.9985 9
[25] 10.1258 9.002
[26] 10.1371 9.0024
[27] 10.1464 9.0027
[28] 10.2604 9.0085
[29] 10.2914 9.0107
[30] 10.4227 9.0226
[31] 10.4897 9.0304
[32] 10.581 9.0431
[33] 10.6344 9.0516
[34] 10.9176 9.1115
[35] 11.164 9.1868
[36] 11.2074 9.2028
[37] 11.2765 9.2302
[38] 11.3068 9.243
[39] 11.3756 9.2741
[40] 11.4957 9.3361
[41] 11.5929 9.3953
[42] 11.6387 9.4267
[43] 11.6446 9.431
[44] 11.7428 9.5095
[45] 11.7476 9.5137
[46] 11.7743 9.5385
[47] 11.9444 9.7659
[48] 11.9787 9.8546
[49] 11.9992 10.0289
[50] 11.9034 10.307
[51] 11.8652 10.361
[52] 11.8359 10.3967
[53] 11.835 10.3977
[54] 11.6534 10.5626
[55] 11.5229 10.6482
[56] 11.4751 10.6753
[57] 11.4467 10.6905
[58] 11.3934 10.7174
[59] 11.3774 10.725
[60] 11.3246 10.7492
[61] 11.1941 10.8022
[62] 11.1518 10.8175
[63] 11.1016 10.8346
[64] 10.9997 10.8661
[65] 10.9982 10.8665
[66] 10.9419 10.8822
[67] 10.7921 10.9182
[68] 10.3781 10.982
[69] 10.3005 10.9886
[70] 10.1672 10.9965
[71] 10.1279 10.998
[72] 10.1106 10.9985
[73] 10.0963 10.9988
[74] 10.0735 10.9993
[75] 9.9653 10.9998
[76] 9.8676 10.9978
[77] 9.6322 10.9829
[78] 9.6181 10.9816
[79] 9.6162 10.9814
[80] 9.3724 10.9495
[81] 9.3035 10.9374
[82] 9.2529 10.9276
[83] 9.2345 10.9239
[84] 9.102 10.8935
[85] 8.884 10.8298
[86] 8.7659 10.7869
[87] 8.6288 10.728
[88] 8.4843 10.6525
[89] 8.2345 10.4698
[90] 8.2094 10.4455
[91] 8.1782 10.4127
[92] 8.1129 10.3313
[93] 8.0518 10.2261
[94] 8.0437 10.2079
[95] 8.0217 10.1467
[96] 8.0083 10.0911
[97] 8.008 10.0893
[98] 8.0013 10.0357
[99] 8.001 10.0312
1-1-1-1-1-1-1-1-1-1-1-1-1-1-1-1-1-1-1-1-1-1-1-1-1-1-1-1-1-1-1-18282828282828289828282938282969798
-1-1-1-1-1-1-1-1-1-1-1-1-1-1-1-1-1-1-1-1-1-1-1-1-1-1-1-1-1-1-1-1-1-1-1-1-1-1-1-1-1-1-1-1-1-1-1-1-1-1-1-1-1-1-1-1-1-1-1-1-1-1-1-1-1-1-1-1-1-1-1-1-1-1-1-1-1-1-1-1-1-1-1-183838383838383838383938383968398
-1-1-1-1-1-1-1-1-1-1-1-1-1-1-1-1-1-1-1-1-1-1-1-1-1-1-1-1-1-1-1-1-1-1-1-1-1-1-1-1-1-1-1-1-1-1-1-1-1-1-1-1-1-1-1-1-1-1-1-1-1-1-1-1-1-1-1-1-1-1-1-1-1-1-1-1-1-1-1-1-1-1-1-1-1848584848489909192939495969798
-1-1-1-1-1-1-1-1-1-1-1-1-1-1-1-1-1-1-1-1-1-1-1-1-1-1-1-1-1-1-1-1-1-1-1-1-1-1-1-1-1-1-1-1-1-1-1-1-1-1-1-1-1-1-1-1-1-1-1-1-1-1-1-1-1-1-1-1-1-1-1-1-1-1-1-1-1-1-1-1-1-1-1-1-1-18586878589909192939495969798
-1-1-1-1-1-1-1-1-1-1-1-1-1-1-1-1-1-1-1-1-1-1-1-1-1-1-1-1-1-1-1-1-1-1-1-1-1-1-1-1-1-1-1-1-1-1-1-1-1-1-1-1-1-1-1-1-1-1-1-1-1-1-1-1-1-1-1-1-1-1-1-1-1-1-1-1-1-1-1-1-1-1-1-1-1-1-186868689909192939495969798
-1-1-1-1-1-1-1-1-1-1-1-1-1-1-1-1-1-1-1-1-1-1-1-1-1-1-1-1-1-1-1-1-1-1-1-1-1-1-1-1-1-1-1-1-1-1-1-1-1-1-1-1-1-1-1-1-1-1-1-1-1-1-1-1-1-1-1-1-1-1-1-1-1-1-1-1-1-1-1-1-1-1-1-1-1-1-1-1878789909192939495969798
-1-1-1-1-1-1-1-1-1-1-1-1-1-1-1-1-1-1-1-1-1-1-1-1-1-1-1-1-1-1-1-1-1-1-1-1-1-1-1-1-1-1-1-1-1-1-1-1-1-1-1-1-1-1-1-1-1-1-1-1-1-1-1-1-1-1-1-1-1-1-1-1-1-1-1-1-1-1-1-1-1-1-1-1-1-1-1-1-18889909192939495969798
-1-1-1-1-1-1-1-1-1-1-1-1-1-1-1-1-1-1-1-1-1-1-1-1-1-1-1-1-1-1-1-1-1-1-1-1-1-1-1-1-1-1-1-1-1-1-1-1-1-1-1-1-1-1-1-1-1-1-1-1-1-1-1-1-1-1-1-1-1-1-1-1-1-1-1-1-1-1-1-1-1-1-1-1-1-1-1-1-1-189909192939495969798
-1-1-1-1-1-1-1-1-1-1-1-1-1-1-1-1-1-1-1-1-1-1-1-1-1-1-1-1-1-1-1-1-1-1-1-1-1-1-1-1-1-1-1-1-1-1-1-1-1-1-1-1-1-1-1-1-1-1-1-1-1-1-1-1-1-1-1-1-1-1-1-1-1-1-1-1-1-1-1-1-1-1-1-1-1-1-1-1-1-1-1909090939090969798
-1-1-1-1-1-1-1-1-1-1-1-1-1-1-1-1-1-1-1-1-1-1-1-1-1-1-1-1-1-1-1-1-1-1-1-1-1-1-1-1-1-1-1-1-1-1-1-1-1-1-1-1-1-1-1-1-1-1-1-1-1-1-1-1-1-1-1-1-1-1-1-1-1-1-1-1-1-1-1-1-1-1-1-1-1-1-1-1-1-1-1-19191939491969798
-1-1-1-1-1-1-1-1-1-1-1-1-1-1-1-1-1-1-1-1-1-1-1-1-1-1-1-1-1-1-1-1-1-1-1-1-1-1-1-1-1-1-1-1-1-1-1-1-1-1-1-1-1-1-1-1-1-1-1-1-1-1-1-1-1-1-1-1-1-1-1-1-1-1-1-1-1-1-1-1-1-1-1-1-1-1-1-1-1-1-1-1-192939495969798
-1-1-1-1-1-1-1-1-1-1-1-1-1-1-1-1-1-1-1-1-1-1-1-1-1-1-1-1-1-1-1-1-1-1-1-1-1-1-1-1-1-1-1-1-1-1-1-1-1-1-1-1-1-1-1-1-1-1-1-1-1-1-1-1-1-1-1-1-1-1-1-1-1-1-1-1-1-1-1-1-1-1-1-1-1-1-1-1-1-1-1-1-1-1939495969798
-1-1-1-1-1-1-1-1-1-1-1-1-1-1-1-1-1-1-1-1-1-1-1-1-1-1-1-1-1-1-1-1-1-1-1-1-1-1-1-1-1-1-1-1-1-1-1-1-1-1-1-1-1-1-1-1-1-1-1-1-1-1-1-1-1-1-1-1-1-1-1-1-1-1-1-1-1-1-1-1-1-1-1-1-1-1-1-1-1-1-1-1-1-1-19494969498
-1-1-1-1-1-1-1-1-1-1-1-1-1-1-1-1-1-1-1-1-1-1-1-1-1-1-1-1-1-1-1-1-1-1-1-1-1-1-1-1-1-1-1-1-1-1-1-1-1-1-1-1-1-1-1-1-1-1-1-1-1-1-1-1-1-1-1-1-1-1-1-1-1-1-1-1-1-1-1-1-1-1-1-1-1-1-1-1-1-1-1-1-1-1-1-195969798
-1-1-1-1-1-1-1-1-1-1-1-1-1-1-1-1-1-1-1-1-1-1-1-1-1-1-1-1-1-1-1-1-1-1-1-1-1-1-1-1-1-1-1-1-1-1-1-1-1-1-1-1-1-1-1-1-1-1-1-1-1-1-1-1-1-1-1-1-1-1-1-1-1-1-1-1-1-1-1-1-1-1-1-1-1-1-1-1-1-1-1-1-1-1-1-1-1969798
-1-1-1-1-1-1-1-1-1-1-1-1-1-1-1-1-1-1-1-1-1-1-1-1-1-1-1-1-1-1-1-1-1-1-1-1-1-1-1-1-1-1-1-1-1-1-1-1-1-1-1-1-1-1-1-1-1-1-1-1-1-1-1-1-1-1-1-1-1-1-1-1-1-1-1-1-1-1-1-1-1-1-1-1-1-1-1-1-1-1-1-1-1-1-1-1-1-19797
-1-1-1-1-1-1-1-1-1-1-1-1-1-1-1-1-1-1-1-1-1-1-1-1-1-1-1-1-1-1-1-1-1-1-1-1-1-1-1-1-1-1-1-1-1-1-1-1-1-1-1-1-1-1-1-1-1-1-1-1-1-1-1-1-1-1-1-1-1-1-1-1-1-1-1-1-1-1-1-1-1-1-1-1-1-1-1-1-1-1-1-1-1-1-1-1-1-1-198
-1-1-1-1-1-1-1-1-1-1-1-1-1-1-1-1-1-1-1-1-1-1-1-1-1-1-1-1-1-1-1-1-1-1-1-1-1-1-1-1-1-1-1-1-1-1-1-1-1-1-1-1-1-1-1-1-1-1-1-1-1-1-1-1-1-1-1-1-1-1-1-1-1-1-1-1-1-1-1-1-1-1-1-1-1-1-1-1-1-1-1-1-1-1-1-1-1-1-1-1
-1-1-1-1-1-1-1-1-1-1-1-1-1-1-1-1-1-1-1-1-1-1-1-1-1-1-1-1-1-1-1-1-1-1-1-1-1-1-1-1-1-1-1-1-1-1-1-1-1-1-1-1-1-1-1-1-1-1-1-1-1-1-1-1-1-1-1-1-1-1-1-1-1-1-1-1-1-1-1-1-1-1-1-1-1-1-1-1-1-1-1-1-1-1-1-1-1-1-1-1
