Time: 1767μs
Min cost: 993.3648217
Triangulation: 
0 1 47
1 2 47
2 3 47
3 4 47
4 5 47
5 46 47
5 45 46
5 44 45
5 43 44
5 42 43
5 41 42
5 6 41
6 7 41
7 8 41
8 9 41
9 10 41
10 11 41
11 12 41
12 13 41
13 14 41
14 15 41
15 16 41
16 17 41
17 18 41
18 19 41
19 20 41
20 21 41
21 22 41
22 23 41
23 24 41
24 25 41
25 26 41
26 27 41
27 28 41
28 29 41
29 30 41
30 31 41
31 32 41
32 33 41
33 34 41
34 35 41
35 36 41
36 37 41
37 38 41
38 39 41
39 40 41
-1-1 1 1 1 1 5 6 7 8 1 1 1 1 1 1 1 117181920 1 1 1 1 1 1 1 129303132 1 1 1 1 1 1 1 1 1 1 1 1 1 1
-1-1-1 2 2 2 5 6 7 2 2 2 2 2 2 2 2 2171819 2 2 2 2 2 2 2 2 2293031 2 2 2 2 2 2 2 2 2 2 2 2 2 2 2
-1-1-1-1 3 3 5 6 3 3 3 3 3 3 3 3 3 31718 3 3 3 3 3 3 3 3 3 32930 3 3 3 3 3 3 3 3 3 3 3 3 3 3 3 3
-1-1-1-1-1 4 5 4 4 4 4 4 4 4 4 4 4 417 4 4 4 4 4 4 4 4 4 4 429 4 4 4 4 4 4 4 4 4 4 4 4 4 4 4 4 4
-1-1-1-1-1-1 5 5 5 5 5 5 5 5 5 5 5 5 5 5 5 5 5 5 5 5 5 5 5 5 5 5 5 5 5 5 5 5 5 5 5 5 5 5 5 5 5 5
-1-1-1-1-1-1-1 6 6 6 6 6 6 6 6 6 6 61718192021222324252627 62930313233343536373839 6414243444546
-1-1-1-1-1-1-1-1 7 7 7 7 7 7 7 7 7 717181920212223242526 7 729303132333435363738 7 7414243444546
-1-1-1-1-1-1-1-1-1 8 8 8 8 8 8 8 8 8171819202122232425 8 8 8293031323334353637 8 8 8414243444546
-1-1-1-1-1-1-1-1-1-1 9 9 9 9 9 9 9 91718192021222324 9 9 9 92930313233343536 9 9 9 9414243444546
-1-1-1-1-1-1-1-1-1-1-110101010101010171819202122231010101010293031323334351010101010414243444546
-1-1-1-1-1-1-1-1-1-1-1-1111111111111171819202122111111111111293031323334111111111111414243444546
-1-1-1-1-1-1-1-1-1-1-1-1-11212121212171819202112121212121212293031323312121212121212414243444512
-1-1-1-1-1-1-1-1-1-1-1-1-1-113131313171819201313131313131313293031321313131313131313414243441313
-1-1-1-1-1-1-1-1-1-1-1-1-1-1-1141414171819141414141414141414293031141414141414141414414243141414
-1-1-1-1-1-1-1-1-1-1-1-1-1-1-1-11515171815151515151515151515293015151515151515151515414215151515
-1-1-1-1-1-1-1-1-1-1-1-1-1-1-1-1-116171616161616161616161616291616161616161616161616411616161616
-1-1-1-1-1-1-1-1-1-1-1-1-1-1-1-1-1-1171717171717171717171717171717171717171717171717171717171717
-1-1-1-1-1-1-1-1-1-1-1-1-1-1-1-1-1-1-11818181818181818181818293031323334353637383918414243444546
-1-1-1-1-1-1-1-1-1-1-1-1-1-1-1-1-1-1-1-119191919191919191919293031323334353637381919414243444546
-1-1-1-1-1-1-1-1-1-1-1-1-1-1-1-1-1-1-1-1-1202020202020202020293031323334353637202020414243444546
-1-1-1-1-1-1-1-1-1-1-1-1-1-1-1-1-1-1-1-1-1-12121212121212121293031323334353621212121414243444546
-1-1-1-1-1-1-1-1-1-1-1-1-1-1-1-1-1-1-1-1-1-1-122222222222222293031323334352222222222414243444546
-1-1-1-1-1-1-1-1-1-1-1-1-1-1-1-1-1-1-1-1-1-1-1-1232323232323293031323334232323232323414243444546
-1-1-1-1-1-1-1-1-1-1-1-1-1-1-1-1-1-1-1-1-1-1-1-1-12424242424293031323324242424242424414243444524
-1-1-1-1-1-1-1-1-1-1-1-1-1-1-1-1-1-1-1-1-1-1-1-1-1-125252525293031322525252525252525414243442525
-1-1-1-1-1-1-1-1-1-1-1-1-1-1-1-1-1-1-1-1-1-1-1-1-1-1-1262626293031262626262626262626414243262626
-1-1-1-1-1-1-1-1-1-1-1-1-1-1-1-1-1-1-1-1-1-1-1-1-1-1-1-12727293027272727272727272727414227272727
-1-1-1-1-1-1-1-1-1-1-1-1-1-1-1-1-1-1-1-1-1-1-1-1-1-1-1-1-128292828282828282828282828412828282828
-1-1-1-1-1-1-1-1-1-1-1-1-1-1-1-1-1-1-1-1-1-1-1-1-1-1-1-1-1-1292929292929292929292929292929292929
-1-1-1-1-1-1-1-1-1-1-1-1-1-1-1-1-1-1-1-1-1-1-1-1-1-1-1-1-1-1-13030303030303030303030414243444546
-1-1-1-1-1-1-1-1-1-1-1-1-1-1-1-1-1-1-1-1-1-1-1-1-1-1-1-1-1-1-1-131313131313131313131414243444546
-1-1-1-1-1-1-1-1-1-1-1-1-1-1-1-1-1-1-1-1-1-1-1-1-1-1-1-1-1-1-1-1-1323232323232323232414243444546
-1-1-1-1-1-1-1-1-1-1-1-1-1-1-1-1-1-1-1-1-1-1-1-1-1-1-1-1-1-1-1-1-1-13333333333333333414243444546
-1-1-1-1-1-1-1-1-1-1-1-1-1-1-1-1-1-1-1-1-1-1-1-1-1-1-1-1-1-1-1-1-1-1-134343434343434414243444546
-1-1-1-1-1-1-1-1-1-1-1-1-1-1-1-1-1-1-1-1-1-1-1-1-1-1-1-1-1-1-1-1-1-1-1-1353535353535414243444546
-1-1-1-1-1-1-1-1-1-1-1-1-1-1-1-1-1-1-1-1-1-1-1-1-1-1-1-1-1-1-1-1-1-1-1-1-13636363636414243444536
-1-1-1-1-1-1-1-1-1-1-1-1-1-1-1-1-1-1-1-1-1-1-1-1-1-1-1-1-1-1-1-1-1-1-1-1-1-137373737414243443737
-1-1-1-1-1-1-1-1-1-1-1-1-1-1-1-1-1-1-1-1-1-1-1-1-1-1-1-1-1-1-1-1-1-1-1-1-1-1-1383838414243383838
-1-1-1-1-1-1-1-1-1-1-1-1-1-1-1-1-1-1-1-1-1-1-1-1-1-1-1-1-1-1-1-1-1-1-1-1-1-1-1-13939414239393939
-1-1-1-1-1-1-1-1-1-1-1-1-1-1-1-1-1-1-1-1-1-1-1-1-1-1-1-1-1-1-1-1-1-1-1-1-1-1-1-1-140414040404040
-1-1-1-1-1-1-1-1-1-1-1-1-1-1-1-1-1-1-1-1-1-1-1-1-1-1-1-1-1-1-1-1-1-1-1-1-1-1-1-1-1-1414141414141
-1-1-1-1-1-1-1-1-1-1-1-1-1-1-1-1-1-1-1-1-1-1-1-1-1-1-1-1-1-1-1-1-1-1-1-1-1-1-1-1-1-1-14242424242
-1-1-1-1-1-1-1-1-1-1-1Trianglular table: 
Sorted coordinates: 
[0] 0 5
[1] 0 4
[2] 0 3
[3] 0 2
[4] 0 1
[5] 0 0
[6] 1 0
[7] 2 0
[8] 3 0
[9] 4 0
[10] 5 0
[11] 6 0
[12] 7 0
[13] 8 0
[14] 9 0
[15] 10 0
[16] 11 0
[17] 12 0
[18] 12 1
[19] 12 2
[20] 12 3
[21] 12 4
[22] 12 5
[23] 12 6
[24] 12 7
[25] 12 8
[26] 12 9
[27] 12 10
[28] 12 11
[29] 12 12
[30] 11 12
[31] 10 12
[32] 9 12
[33] 8 12
[34] 7 12
[35] 6 12
[36] 5 12
[37] 4 12
[38] 3 12
[39] 2 12
[40] 1 12
[41] 0 12
[42] 0 11
[43] 0 10
[44] 0 9
[45] 0 8
[46] 0 7
[47] 0 6
-1-1-1-1-1-1-1-1-1-1-1-1-1-1-1-1-1-1-1-1-1-1-1-1-1-1-1-1-1-1-1-1-143434343
-1-1-1-1-1-1-1-1-1-1-1-1-1-1-1-1-1-1-1-1-1-1-1-1-1-1-1-1-1-1-1-1-1-1-1-1-1-1-1-1-1-1-1-1-1444444
-1-1-1-1-1-1-1-1-1-1-1-1-1-1-1-1-1-1-1-1-1-1-1-1-1-1-1-1-1-1-1-1-1-1-1-1-1-1-1-1-1-1-1-1-1-14545
-1-1-1-1-1-1-1-1-1-1-1-1-1-1-1-1-1-1-1-1-1-1-1-1-1-1-1-1-1-1-1-1-1-1-1-1-1-1-1-1-1-1-1-1-1-1-146
-1-1-1-1-1-1-1-1-1-1-1-1-1-1-1-1-1-1-1-1-1-1-1-1-1-1-1-1-1-1-1-1-1-1-1-1-1-1-1-1-1-1-1-1-1-1-1-1
-1-1-1-1-1-1-1-1-1-1-1-1-1-1-1-1-1-1-1-1-1-1-1-1-1-1-1-1-1-1-1-1-1-1-1-1-1-1-1-1-1-1-1-1-1-1-1-1
