80 1->3->6->4->7
60 2->1->3->6
60 6->3->1->2
  0 |  1 |  2 |  3 |  4 |  5 |  6 |  7 |
----------------------------------------
  1 |  0   50   60   80   80   60   80  
  2 | 50    0   60   80   80   60   80  
  3 | 60   60    0   80   80   50   80  
  4 | 80   80   80    0   70   80   70  
  5 | 80   80   80   70    0   80   40  
  6 | 60   60   50   80   80    0   80  
  7 | 80   80   80   70   40   80    0  
  0 |  1 |  2 |  3 |  4 |  5 |  6 |  7 |
----------------------------------------
  1 | -1    1    1    6    7    3    4  
  2 |  2   -1    1    6    7    3    4  
  3 |  3    1   -1    6    7    3    4  
  4 |  3    1    6   -1    7    4    4  
  5 |  3    1    6    7   -1    4    5  
  6 |  3    1    6    6    7   -1    4  
  7 |  3    1    6    7    7    4   -1  
