30 1->3
40 1->4
40 2->1->4->5->6
40 5->4->3
  0 |  1 |  2 |  3 |  4 |  5 |  6 |
-----------------------------------
  1 |  0   20   30   40   40   40  
  2 | 20    0   30   40   40   40  
  3 | 30   30    0   40   40   40  
  4 | 40   40   40    0   30   40  
  5 | 40   40   40   30    0   40  
  6 | 40   40   40   40   40    0  
  0 |  1 |  2 |  3 |  4 |  5 |  6 |
-----------------------------------
  1 | -1    1    1    1    4    5  
  2 |  2   -1    2    1    4    5  
  3 |  3    3   -1    3    4    5  
  4 |  4    1    4   -1    4    5  
  5 |  4    1    4    5   -1    5  
  6 |  4    1    4    5    6   -1  
