70 1->2->3->4->5
80 6->7
no path
  0 |  1 |  2 |  3 |  4 |  5 |  6 |  7 |
----------------------------------------
  1 |  0   20   40   70   70  2147483647  2147483647  
  2 | 20    0   40   70   70  2147483647  2147483647  
  3 | 40   40    0   70   70  2147483647  2147483647  
  4 | 70   70   70    0   60  2147483647  2147483647  
  5 | 70   70   70   60    0  2147483647  2147483647  
  6 |2147483647  2147483647  2147483647  2147483647  2147483647    0   80  
  7 |2147483647  2147483647  2147483647  2147483647  2147483647   80    0  
  0 |  1 |  2 |  3 |  4 |  5 |  6 |  7 |
----------------------------------------
  1 | -1    1    2    3    4   -1   -1  
  2 |  2   -1    2    3    4   -1   -1  
  3 |  2    3   -1    3    4   -1   -1  
  4 |  2    3    4   -1    4   -1   -1  
  5 |  2    3    4    5   -1   -1   -1  
  6 | -1   -1   -1   -1   -1   -1    6  
  7 | -1   -1   -1   -1   -1    7   -1  
