75 1->4->3->2
75 1->4->3
45 1->4
20 1->5
75 2->3->4->1
50 2->3
75 2->3->4
75 2->5
75 3->4->1
50 3->2
75 3->4
75 3->2->5
45 4->1
75 4->3->2
75 4->3
45 4->1->5
20 5->1
75 5->2
75 5->2->3
45 5->1->4
  0 |  1 |  2 |  3 |  4 |  5 |
------------------------------
  1 |  0   75   75   45   20  
  2 | 75    0   50   75   75  
  3 | 75   50    0   75   75  
  4 | 45   75   75    0   45  
  5 | 20   75   75   45    0  
  0 |  1 |  2 |  3 |  4 |  5 |
------------------------------
  1 | -1    3    4    1    1  
  2 |  4   -1    2    3    2  
  3 |  4    3   -1    3    2  
  4 |  4    3    4   -1    1  
  5 |  5    5    2    1   -1  
